Before: 

-9.90 -7.30  5.06 -0.82  0.65 -5.56 -8.97  3.54 
 3.55  8.61 -2.31  0.38  6.55 -9.22 -8.84  0.59 
 3.39 -9.75 -2.31 -8.58 -1.63  3.70  1.76  8.52 
 6.85  0.53 -8.08  3.05 -1.66  3.98  8.12  5.19 
-4.70 -8.96  4.67 -3.40  2.63  5.08  9.72 -2.67 
-5.01  9.55  4.41  5.02  3.00 -8.46  2.61  7.62 
-4.50 -1.26  5.28 -0.44 -5.19 -4.46 -2.79 -6.60 
-0.27  7.87  8.10 -8.70  8.01  0.09  0.32 -3.58 

 9.64 -0.12 -4.63 -8.10  8.87 -8.44  0.01 -2.29 
-4.41  8.19  0.59 -0.70  8.73 -8.91  5.18  5.35 
 6.49 -7.42 -9.59  3.73  7.29  2.56  4.68  4.46 
 9.89  7.69 -5.28 -3.83 -2.95  0.26  1.80  6.85 
-1.74  6.76 -4.57 -1.68  0.74 -0.64 -4.21 -6.37 
-6.86  1.42  5.99 -9.25  0.68 -0.03  9.02  4.92 
 1.08  7.74  2.47  6.77 -6.74 -5.69  4.25 -7.32 
-8.10 -4.46 -9.84 -1.70 -9.37  4.15  8.67 -5.15 

-6.32 -3.61  7.66  3.01 -6.92  3.59 -2.26 -2.22 
-0.01 -6.98  1.73  6.84  1.78  9.02  1.11 -6.97 
 9.57 -1.81 -7.09  1.28 -4.91 -0.23 -0.71  9.13 
-7.40 -5.94 -3.58  2.56 -7.39  2.99  2.41  6.00 
-4.99 -0.47 -2.19 -5.88 -9.34  7.95 -1.46 -7.09 
 8.86 -1.78 -7.30  7.64 -8.07 -6.69 -8.49 -2.67 
-4.89 -7.22  5.61 -0.88 -2.98 -0.94  6.12  8.55 
 3.00 -5.64  3.56  8.10 -4.95  7.15 -0.57  0.12 

 1.99  6.29  5.07 -0.75  8.94  2.63 -1.20  6.43 
 3.74  4.00  9.65  9.00  6.96 -4.17  0.74  0.29 
-7.85 -1.70  1.52  7.46 -1.19  4.55  7.31  4.27 
 5.95  4.09  4.79 -9.52  7.64  0.49 -0.73 -8.61 
 4.23 -0.22  3.32  3.60 -5.95  8.25  7.24  7.72 
 0.87 -7.14 -0.98  9.69 -5.63 -1.07 -3.65  0.29 
 7.55 -1.19 -0.64  6.07 -2.67 -5.71  9.88 -6.86 
 2.58  2.30 -9.89 -9.88  5.41  4.50 -3.58 -1.63 

Middle: 

 0.03 -0.30  0.08 -0.74 -0.01 -0.57  0.00  1.04 
-0.63 -0.55  0.37  0.05  1.53 -0.17  0.56 -0.47 
-0.94  1.55 -0.85 -1.01 -0.03 -1.46  0.26  0.55 
-0.41 -0.03 -1.18 -1.79 -0.05  0.10 -0.38 -0.03 
 0.25 -0.80 -0.49  0.71 -0.63  0.39  0.40  0.36 
-0.66 -0.51  0.31 -0.24  0.13  0.94  0.52 -0.85 
 0.43 -0.98  0.43 -0.51  0.02 -0.42  0.42  0.36 
-1.16 -1.07 -0.54  0.41 -0.80  0.84  1.62  0.84 

 0.10 -0.25  1.05  0.59 -0.14 -0.16 -1.74  0.47 
 0.85  0.34  0.41  0.56  2.07 -1.13 -0.16  1.31 
-0.70 -0.17 -0.40 -0.06 -0.15  0.70 -0.55  0.52 
-0.13  1.01 -0.12 -0.64 -0.69 -0.90  0.03  1.28 
-0.98  0.51  0.56  1.15  0.06 -0.22  0.24 -0.59 
 0.51  1.04  0.87  0.39  0.60  0.71  0.33 -0.13 
-0.25 -1.65  0.09  1.03  0.32  0.35  0.91  0.57 
-0.50  0.79 -1.08  0.78  0.78  0.57 -0.12 -0.55 

-0.52 -0.71 -0.03 -0.28 -0.02  1.65  1.39 -1.53 
 0.02 -0.07 -0.52  0.30 -0.35 -0.20  0.04 -0.06 
 0.96  0.16 -1.11 -0.50 -0.17  0.53  0.67  0.56 
-1.02  0.93 -0.45 -0.29 -0.61 -0.14 -0.13  0.06 
-0.42 -0.42 -0.65 -0.26 -1.52 -0.16  0.47 -0.41 
 0.06 -1.18  0.85 -1.52  0.26 -0.21 -0.14  0.52 
-0.16  1.41  1.10  0.08  1.41  0.04 -0.21 -0.83 
 0.04 -0.29  0.74  0.09 -0.81 -0.56  0.23  0.47 

 1.48  0.25 -0.17  0.26  0.08  0.47 -0.07  0.21 
 1.46  0.04 -0.74 -1.20 -0.19 -0.85  0.19  0.54 
-0.01  0.29 -0.03  0.35  0.62 -1.06 -0.57  0.31 
 0.44  0.19  0.22 -0.84  0.62  0.82  0.50 -0.54 
 0.13  0.03  0.87  1.39 -0.56 -1.98  0.60  0.57 
-0.38  0.51 -0.04  0.50 -0.36  0.13 -0.54  0.81 
-0.72 -1.31 -0.26 -0.17  0.20 -0.61  0.52 -1.03 
 0.80 -1.44  0.52 -0.51 -0.50  0.91 -0.18 -0.85 

After: 

-9.90 -7.30  5.06 -0.82  0.65 -5.56 -8.97  3.54 
 3.55  8.61 -2.31  0.38  6.55 -9.22 -8.84  0.59 
 3.39 -9.75 -2.31 -8.58 -1.63  3.70  1.76  8.52 
 6.85  0.53 -8.08  3.05 -1.66  3.98  8.12  5.19 
-4.70 -8.96  4.67 -3.40  2.63  5.08  9.72 -2.67 
-5.01  9.55  4.41  5.02  3.00 -8.46  2.61  7.62 
-4.50 -1.26  5.28 -0.44 -5.19 -4.46 -2.79 -6.60 
-0.27  7.87  8.10 -8.70  8.01  0.09  0.32 -3.58 

 9.64 -0.12 -4.63 -8.10  8.87 -8.44  0.01 -2.29 
-4.41  8.19  0.59 -0.70  8.73 -8.91  5.18  5.35 
 6.49 -7.42 -9.59  3.73  7.29  2.56  4.68  4.46 
 9.89  7.69 -5.28 -3.83 -2.95  0.26  1.80  6.85 
-1.74  6.76 -4.57 -1.68  0.74 -0.64 -4.21 -6.37 
-6.86  1.42  5.99 -9.25  0.68 -0.03  9.02  4.92 
 1.08  7.74  2.47  6.77 -6.74 -5.69  4.25 -7.32 
-8.10 -4.46 -9.84 -1.70 -9.37  4.15  8.67 -5.15 

-6.32 -3.61  7.66  3.01 -6.92  3.59 -2.26 -2.22 
-0.01 -6.98  1.73  6.84  1.78  9.02  1.11 -6.97 
 9.57 -1.81 -7.09  1.28 -4.91 -0.23 -0.71  9.13 
-7.40 -5.94 -3.58  2.56 -7.39  2.99  2.41  6.00 
-4.99 -0.47 -2.19 -5.88 -9.34  7.95 -1.46 -7.09 
 8.86 -1.78 -7.30  7.64 -8.07 -6.69 -8.49 -2.67 
-4.89 -7.22  5.61 -0.88 -2.98 -0.94  6.12  8.55 
 3.00 -5.64  3.56  8.10 -4.95  7.15 -0.57  0.12 

 1.99  6.29  5.07 -0.75  8.94  2.63 -1.20  6.43 
 3.74  4.00  9.65  9.00  6.96 -4.17  0.74  0.29 
-7.85 -1.70  1.52  7.46 -1.19  4.55  7.31  4.27 
 5.95  4.09  4.79 -9.52  7.64  0.49 -0.73 -8.61 
 4.23 -0.22  3.32  3.60 -5.95  8.25  7.24  7.72 
 0.87 -7.14 -0.98  9.69 -5.63 -1.07 -3.65  0.29 
 7.55 -1.19 -0.64  6.07 -2.67 -5.71  9.88 -6.86 
 2.58  2.30 -9.89 -9.88  5.41  4.50 -3.58 -1.63 

